1023
4306 937 6908 3715 7404 2354 1719 8764 7660 8297 2665 
4163 4621 6584 8506 1285 6407 3287 5248 7680 350 
199 8072 6889 5675 1103 4745 6846 9722 8081 4596 
1597 6487 550 3221 9239 1975 6023 2452 5073 5951 
1886 6389 7247 5965 4219 6108 4813 250 8727 9701 
3702 3232 2766 5168 9228 3946 6839 4703 8401 9402 
1098 5152 5294 4083 5820 2288 9876 3326 339 8834 
6603 7673 2677 2330 5582 1240 5764 8800 3341 5145 
9208 1968 8604 905 4900 6924 6701 1452 2326 7845 
8411 6764 7623 3497 8539 2124 9077 7377 5306 2464 
4110 390 9863 9640 1559 1665 6742 139 7301 1213 
96 5636 8960 501 7028 1603 2899 1652 3309 7580 
6149 1154 537 9663 5793 4850 7350 911 4464 2570 
3290 9604 1564 3996 2486 8661 1794 8687 5313 5310 
834 6163 290 6862 9579 7548 5432 9356 9954 6927 
703 8006 3376 6442 3665 991 8447 7479 7716 9364 
9975 1160 9193 334 6437 403 3719 1142 3077 4486 
1234 2059 4926 8885 7734 1816 4650 2348 7916 8429 
7704 8811 2166 5789 6962 9171 3339 1927 3923 4475 
9233 7850 9673 7301 3236 4156 3726 4492 2562 18 
3751 7845 1453 4227 6941 5807 5127 6241 4893 2991 
6699 5741 5532 1996 6908 3294 5009 1191 4333 8787 
2438 287 4082 8624 7569 9505 7552 7903 7092 826 
7428 5259 7519 2670 1035 9401 4676 7053 3979 8265 
3119 4284 530 4246 9852 2732 3402 3659 5990 9757 
9671 309 8654 7386 9892 9562 4216 7459 8380 3094 
2066 7833 9889 3001 7455 8283 1404 4394 9372 3376 
9281 3491 5398 3796 2635 7373 6097 34 9615 4197 
2767 7988 7038 9598 1563 8731 1321 9561 9815 3434 
4727 3671 315 3120 4045 819 7924 7740 695 213 
9330 8363 6198 2498 6070 8068 4249 1603 3149 1406 
9655 2693 9947 9099 9670 9173 2294 369 332 9451 
251 2956 9808 2890 7327 6484 5556 6446 1406 6559 
1233 2658 7311 8161 8245 1263 5908 2330 6108 8788 
5309 9090 9136 8293 8617 1874 527 4696 2063 7947 
7237 6572 7877 2168 2758 885 9463 360 6520 2673 
6717 1865 8599 5029 8303 6525 9557 5616 2148 5708 
6776 8716 7573 1588 575 3810 8995 3761 9722 5718 
2602 6981 9538 6023 7017 8848 3042 3575 2384 8290 
2463 1645 3292 5671 8075 4716 1546 1205 5385 9622 
2547 9819 2268 345 8032 288 8319 3993 2157 4395 
2028 93 1909 9619 2115 2275 5239 4483 1173 5218 
4759 7237 5647 2573 8107 2771 6028 1148 5336 440 
9288 8090 3150 5210 3566 6736 3581 9441 5502 7631 
9157 6849 5180 659 4081 5295 8935 3237 9334 7591 
4295 4624 8149 5791 939 8662 2971 4526 3407 1960 
1236 9869 1378 2699 1581 5849 277 569 898 2333 
4713 1729 7433 7430 4031 3362 8999 3038 51 4376 
749 8138 4787 2890 3363 7817 3635 4751 5430 1276 
965 6416 4311 1617 9085 455 2054 8156 2425 917 
4133 8696 3824 920 380 5895 8070 545 8500 9476 
6564 5478 7851 672 7576 957 3513 9046 9663 2840 
5900 8381 2134 3475 4181 5015 8137 6392 2535 5639 
7170 2986 9126 2810 2168 6302 1271 7604 2487 6877 
184 901 4222 5346 1816 845 741 1002 7025 3679 
6623 1640 6345 5821 3127 5609 2237 3214 312 9864 
8721 9445 106 7936 2934 4101 7881 7636 1360 4987 
127 5307 9244 520 1484 5284 2326 1280 2297 8257 
9935 5779 1245 9712 4246 2960 3088 5758 3427 8040 
8024 2347 5972 6621 6226 1274 4614 731 1987 114 
8889 2591 813 1096 9520 9842 5724 1717 82 3644 
2148 6966 2181 6543 1998 8824 909 267 1354 3251 
8772 6105 3682 3957 1474 8932 2466 5994 6872 3552 
3265 3968 4341 8623 3790 5638 9631 3927 8194 5717 
4265 6328 8681 5104 3501 1649 6465 4096 4478 5953 
2185 4431 2430 1457 4018 5226 9830 215 6611 4648 
1451 4252 7667 5530 3204 6378 1700 4752 3170 7986 
2733 392 2535 6352 8465 7756 7839 9945 4617 7952 
6959 1367 435 3946 5380 3056 2547 5492 4790 7476 
4914 218 1678 9327 8864 959 3063 6406 5566 1237 
7252 4587 1184 1847 7193 8401 407 7959 9802 6663 
8410 6775 2272 1283 5602 8851 2584 3667 876 2875 
1303 8359 6878 6620 5595 9631 8007 2290 7229 5176 
8034 6104 598 9320 566 76 9411 1288 8511 6554 
4676 2197 6776 4130 1663 1769 5084 6120 5134 1320 
1972 1954 3452 7953 4287 6850 9472 3293 2352 1970 
7786 8772 6501 8218 5026 9429 4996 4044 790 9184 
2732 9768 4693 3893 626 1825 5398 7005 7015 7789 
1404 583 183 8913 7860 8640 3238 6319 9796 6614 
9019 6008 7263 8929 4489 2621 6731 1447 2125 7236 
4903 9749 6506 2580 972 2158 1029 6808 4359 2005 
2475 3341 2739 8479 4947 499 4937 3203 6082 7125 
9713 3328 3037 5528 8569 8114 798 2803 7005 1610 
3257 9838 1253 7813 1962 5990 1986 325 4456 1333 
6312 8926 4837 1951 9967 5856 966 9585 2469 7674 
547 9399 6989 9926 4939 3313 2386 2378 659 4368 
2066 3086 3434 9945 9400 3847 9335 179 3756 4686 
5317 9621 5269 39 1902 1890 4972 7935 6401 2188 
3150 5870 8259 9835 9636 8406 9103 6246 9744 2783 
72 2978 3591 4359 1229 3963 7762 7752 2569 5772 
2132 92 9494 7494 4788 2884 8700 625 6883 4563 
1138 4444 9373 7201 6774 6364 4637 741 7126 233 
6909 1797 788 2923 979 3193 2261 8714 3106 8732 
3607 1394 1110 5233 2205 3070 4864 1357 4782 2556 
6738 911 9752 2355 2875 6697 8987 9352 7723 4412 
4285 6140 9502 240 2579 6483 6738 5519 5029 7487 
6860 5309 5610 2901 1496 7744 3399 5487 7160 7015 
3859 4681 8088 5605 9261 8969 9734 453 2497 9815 
2820 5433 6350 1935 2158 4411 7096 6231 2312 5413 
7751 8879 9741 270 3306 7454 9668 5791 9415 4007 
5501 2769 5997 8223 7756 6610 727 8877 8540 5859 
277 7695 7815 9446 6212 987 312 6265 1400 2945 
4212 3403 