1 2 3 4 5 6 7 8 9 
1 2 3 4 5 6 7 8 9 
1 2 3 4 5 6 7 8 9 
1 2 3 4 5 6 7 8 9 
1 2 3 4 5 6 7 8 9 
1 2 3 4 5 6 7 8 9 
1 2 3 4 5 6 7 8 9 
1 2 3 4 5 6 7 8 9 
1 2 3 4 5 6 7 8 9 
_________________
1 2 3 4 5 6 7 8 9 
1 2 3 4 5 6 7 8 9 
1 2 3 4 5 6 7 8 9 
1 2 3 4 5 6 7 8 9 
1 2 3 4 5 6 7 8 9 
1 2 3 4 5 6 7 8 9 
1 2 3 4 5 6 7 8 9 
1 2 3 4 5 6 7 8 9 
1 2 3 4 5 6 7 8 9 
_________________

1 2 3 4 5 6 7 8 9 
1 2 3 4 5 6 7 8 9 
1 2 3 4 5 6 7 8 9 
1 2 3 4 5 6 7 8 9 
1 2 3 4 5 6 7 8 9 
1 2 3 4 5 6 7 8 9 
1 2 3 4 5 6 7 8 9 
1 2 3 4 5 6 7 8 9 
1 2 3 4 5 6 7 8 9 
1 2 3 4 5 6 7 8 9 
1 2 3 4 5 6 7 8 9 
1 2 3 4 5 6 7 8 9 
1 2 3 4 5 6 7 8 9 
1 2 3 4 5 6 7 8 9 
1 2 3 4 5 6 7 8 9 
1 2 3 4 5 6 7 8 9 
1 2 3 4 5 6 7 8 9 
1 2 3 4 5 6 7 8 9 
0x16fa270f0